582,3
582,2
582,1
582,0
581,5
581,4
581,3
581,2
581,1
581,0
580,4
580,3
580,2
580,1
580,0
579,3
579,2
579,1
579,0
578,5
578,4
578,3
578,2
578,1
578,0
577,4
577,3
577,2
577,1
577,0
576,4
576,3
576,2
576,1
576,0
575,3
575,2
575,1
575,0
574,4
574,3
574,2
574,1
574,0
573,3
573,2
573,1
573,0
572,3
572,2
572,1
572,0
571,4
571,3
571,2
571,1
571,0
570,5
570,4
570,3
570,2
570,1
570,0
569,3
569,2
569,1
569,0
568,5
568,4
568,3
568,2
568,1
568,0
567,4
567,3
567,2
567,1
567,0
566,3
566,2
566,1
566,0
565,5
565,4
565,3
565,2
565,1
565,0
564,4
564,3
564,2
564,1
564,0
563,4
563,3
563,2
563,1
563,0
562,3
562,2
562,1
562,0
561,4
561,3
561,2
561,1
561,0
560,3
560,2
560,1
560,0
559,3
559,2
559,1
559,0
558,4
558,3
558,2
558,1
558,0
557,5
557,4
557,3
557,2
557,1
557,0
556,3
556,2
556,1
556,0
555,5
555,4
555,3
555,2
555,1
555,0
554,4
554,3
554,2
554,1
554,0
553,3
553,2
553,1
553,0
552,5
552,4
552,3
552,2
552,1
552,0
551,4
551,3
551,2
551,1
551,0
550,4
550,3
550,2
550,1
550,0
549,3
549,2
549,1
549,0
548,4
548,3
548,2
548,1
548,0
547,3
547,2
547,1
547,0
546,3
546,2
546,1
546,0
545,4
545,3
545,2
545,1
545,0
544,5
544,4
544,3
544,2
544,1
544,0
543,5
543,4
543,3
543,2
543,1
543,0
542,4
542,3
542,2
542,1
542,0
541,3
541,2
541,1
541,0
540,5
540,4
540,3
540,2
540,1
540,0
539,4
539,3
539,2
539,1
539,0
538,4
538,3
538,2
538,1
538,0
537,3
537,2
537,1
537,0
536,4
536,3
536,2
536,1
536,0
535,3
535,2
535,1
535,0
534,3
534,2
534,1
534,0
533,4
533,3
533,2
533,1
533,0
532,5
532,4
532,3
532,2
532,1
532,0
531,5
531,4
531,3
531,2
531,1
531,0
530,4
530,3
530,2
530,1
530,0
529,3
529,2
529,1
529,0
528,5
528,4
528,3
528,2
528,1
528,0
527,4
527,3
527,2
527,1
527,0
526,4
526,3
526,2
526,1
526,0
525,3
525,2
525,1
525,0
524,4
524,3
524,2
524,1
524,0
523,3
523,2
523,1
523,0
522,3
522,2
522,1
522,0
521,4
521,3
521,2
521,1
521,0
520,5
520,4
520,3
520,2
520,1
520,0
519,5
519,4
519,3
519,2
519,1
519,0
518,4
518,3
518,2
518,1
518,0
517,3
517,2
517,1
517,0
516,5
516,4
516,3
516,2
516,1
516,0
515,4
515,3
515,2
515,1
515,0
514,4
514,3
514,2
514,1
514,0
513,3
513,2
513,1
513,0
512,4
512,3
512,2
512,1
512,0
511,3
511,2
511,1
511,0
510,3
510,2
510,1
510,0
509,4
509,3
509,2
509,1
509,0
508,5
508,4
508,3
508,2
508,1
508,0
507,5
507,4
507,3
507,2
507,1
507,0
506,4
506,3
506,2
506,1
506,0
505,3
505,2
505,1
505,0
504,5
504,4
504,3
504,2
504,1
504,0
503,4
503,3
503,2
503,1
503,0
502,4
502,3
502,2
502,1
502,0
501,3
501,2
501,1
501,0
500,4
500,3
500,2
500,1
500,0
499,3
499,2
499,1
499,0
498,3
498,2
498,1
498,0
497,4
497,3
497,2
497,1
497,0
496,5
496,4
496,3
496,2
496,1
496,0
495,5
495,4
495,3
495,2
495,1
495,0
494,4
494,3
494,2
494,1
494,0
493,3
493,2
493,1
493,0
492,5
492,4
492,3
492,2
492,1
492,0
491,4
491,3
491,2
491,1
491,0
490,4
490,3
490,2
490,1
490,0
489,3
489,2
489,1
489,0
488,4
488,3
488,2
488,1
488,0
487,3
487,2
487,1
487,0
486,3
486,2
486,1
486,0
485,4
485,3
485,2
485,1
485,0
484,5
484,4
484,3
484,2
484,1
484,0
483,5
483,4
483,3
483,2
483,1
483,0
482,4
482,3
482,2
482,1
482,0
481,3
481,2
481,1
481,0
480,5
480,4
480,3
480,2
480,1
480,0
479,4
479,3
479,2
479,1
479,0
478,4
478,3
478,2
478,1
478,0
477,3
477,2
477,1
477,0
476,4
476,3
476,2
476,1
476,0
475,3
475,2
475,1
475,0
474,3
474,2
474,1
474,0
473,4
473,3
473,2
473,1
473,0
472,5
472,4
472,3
472,2
472,1
472,0
471,5
471,4
471,2
468,5
468,4
468,2
465,2
464,4
464,2
462,3
462,2
462,1
462,0
461,4
461,3
461,2
461,1
461,0
460,5
460,4
460,3
460,2
460,1
460,0
315,3
315,2
315,1
315,0
4,3
4,2
4,1
4,0
3,6
3,5
3,4
3,3
3,2
3,1
3,0
464,1
464,3
464,0
465,1
465,3
465,0
468,1
468,3
2,2
1,2
0,446
0,443
0,442
0,440
0,410
0,408
0,400
0,372
0,346
0,335
0,331
0,324
0,322
0,320
0,319
0,317
0,243
468,0
471,1
471,3
471,0
1,1
1,3
1,0
2,1
2,3
2,0
0,9
0,310
0,305
0,308
0,304
0,303
0,302
0,307
0,12
0,10
0,8
0,0
0,409
0,300
0,315
0,299
0,444
0,298
0,316
0,297
0,388
0,296
0,386
0,295
0,327
0,294
0,364
0,293
0,385
0,292
0,422
0,291
0,363
0,290
0,323
0,289
0,314
0,288
0,313
0,287
0,398
0,286
0,431
0,285
0,407
0,284
0,361
0,283
0,412
0,282
0,360
0,281
0,396
0,280
0,306
0,279
0,381
0,278
0,359
0,277
0,437
0,276
0,395
0,275
0,376
0,274
0,374
0,273
0,394
0,272
0,358
0,271
0,426
0,270
0,370
0,269
0,429
0,268
0,406
0,267
0,354
0,266
0,393
0,265
0,345
0,264
0,430
0,263
0,380
0,262
0,392
0,261
0,321
0,260
0,404
0,259
0,390
0,258
0,397
0,257
0,402
0,256
0,309
0,255
0,399
0,254
0,312
0,253
0,301
0,252
0,357
0,251
0,382
0,250
0,379
0,249
0,377
0,248
0,428
0,247
0,347
0,246
0,427
0,245
0,356
0,244
0,368
0,242
0,405
0,241
0,436
0,240
0,403
0,239
0,447
0,238
0,417
0,237
0,434
0,236
0,355
0,235
0,433
0,234
0,344
0,233
0,353
0,232
0,415
0,231
0,432
0,230
0,413
0,229
0,351
0,228
0,424
0,227
0,342
0,226
0,339
0,225
0,350
0,224
0,352
0,223
0,445
0,222
0,348
0,221
0,373
0,220
0,414
0,219
0,362
0,218
0,340
0,217
0,369
0,216
0,421
0,215
0,383
0,214
0,423
0,213
0,212
0,420
0,211
0,411
0,210
0,337
0,209
0,378
0,208
0,401
0,207
0,341
0,206
0,349
0,205
0,425
0,204
0,441
0,203
0,387
0,202
0,371
0,201
0,439
0,200
0,332
0,199
0,375
0,198
0,366
0,197
0,336
0,196
0,343
0,195
0,391
0,194
0,330
0,193
0,338
0,192
0,329
0,63
0,334
0,62
0,325
0,61
0,416
0,60
0,419
0,59
0,438
0,58
0,367
0,57
0,56
0,333
0,55
0,418
0,54
0,328
0,53
0,365
0,52
0,51
0,384
0,50
0,326
0,49
0,435
0,48
0,311
0,47
0,46
0,389
0,45
0,318
0,6
0,5
0,1
0,11
0,4
0,2
0,3
0,7
